Worksheet 1 Introduction to linear algebra
by Prof J.Morlier February 2020

#import Base.print_matrix
#import Pkg; Pkg.add("SymPy")


```julia
using LinearAlgebra, SparseArrays, SuiteSparse, Random
using SymPy
import Base.print_matrix


```


```julia
versioninfo()
```

    Julia Version 1.3.1
    Commit 2d5741174c (2019-12-30 21:36 UTC)
    Platform Info:
      OS: macOS (x86_64-apple-darwin18.6.0)
      CPU: Intel(R) Core(TM) i5-8259U CPU @ 2.30GHz
      WORD_SIZE: 64
      LIBM: libopenlibm
      LLVM: libLLVM-6.0.1 (ORCJIT, skylake)


A 2x2 Recap


```julia
entries = @syms a b c d  real=true

```




    (a, b, c, d)




```julia
M = [a b; c d]

```




\[\left[ \begin{array}{rr}a&b\\c&d\end{array}\right]\]




```julia
dM= det(M) 
```




\begin{equation*}a d - b c\end{equation*}



How can I invert a 3x3 matrix ?


```julia
entries = @syms a b c d e f g h i real=true

```




    (a, b, c, d, e, f, g, h, i)




```julia
A = reshape([entries...],(3,3))

```




\[\left[ \begin{array}{rrr}a&d&g\\b&e&h\\c&f&i\end{array}\right]\]




```julia

detA = det(A) |> simplify
```




\begin{equation*}a e i - a f h - b d i + b f g + c d h - c e g\end{equation*}



on the SVD of matrix A of size 2 x 3


```julia
A=[4 11 14; 8 7 -2]; show(A)
```

    [4 11 14; 8 7 -2]

Construct $B=A^TA$


```julia
B=transpose(A)*A; show(B)
```

    [80 100 40; 100 170 140; 40 140 200]

#Check;
# B=[80 100 40; 100 170 140; 40 140 200];


```julia
lambda = symbols("lambda", real=true)

```




\begin{equation*}\lambda\end{equation*}




```julia
C=B-lambda*[1 0 0; 0 1 0; 0 0 1]
```




\[\left[ \begin{array}{rrr}80 - \lambda&100&40\\100&170 - \lambda&140\\40&140&200 - \lambda\end{array}\right]\]




```julia
dC=det(C)
```




\begin{equation*}31200 \lambda + \left(80 - \lambda\right) \left(170 - \lambda\right) \left(200 - \lambda\right) - 2720000\end{equation*}




```julia
simplify(dC)
```




\begin{equation*}\lambda \left(- \lambda^{2} + 450 \lambda - 32400\right)\end{equation*}




```julia
eqn = -lambda^3 + 450*lambda^2 -32400*lambda
```




\begin{equation*}- \lambda^{3} + 450 \lambda^{2} - 32400 \lambda\end{equation*}




```julia
real_roots(eqn)
```




\[ \left[ \begin{array}{r}0\\90\\360\end{array} \right] \]




```julia
solve(eqn)
```




\[ \left[ \begin{array}{r}0\\90\\360\end{array} \right] \]




```julia
factor(-lambda^3 + 450*lambda^2 -32400*lambda,lambda)
```




\begin{equation*}- \lambda \left(\lambda - 360\right) \left(\lambda - 90\right)\end{equation*}




```julia
#recap
#A=[4 11 14; 8 7 -2];
```


```julia
A=[4 11 14; 8 7 -2];
```

https://docs.julialang.org/en/v1/stdlib/LinearAlgebra/#LinearAlgebra.svd


```julia
U,S,V = svd(A)
```




    SVD{Float64,Float64,Array{Float64,2}}
    U factor:
    2×2 Array{Float64,2}:
     -0.948683  -0.316228
     -0.316228   0.948683
    singular values:
    2-element Array{Float64,1}:
     18.973665961010283
      9.486832980505136
    Vt factor:
    2×3 Array{Float64,2}:
     -0.333333  -0.666667  -0.666667
      0.666667   0.333333  -0.666667




```julia
function fullsvd(A) 
    U,s,V = svd(A, full = true)  # compute svd
    Σ = zeros(size(A))           # container for Σ  
    for i=1:length(s)
       Σ[i,i] = s[i]            # place singular values in Σ
    end                      # a practical svd would never store all these zeros
    display(U);display(Σ);display(V) # display the answer
    return(U,Σ,V)                # return the answer
end




```




    fullsvd (generic function with 1 method)



https://github.com/mitmath/1806/blob/master/summaries.md


```julia
function rankrsvd(A) 
    U,s,V = svd(A, full = true)  # compute svd
    r = sum(s.>1e-8)             # rank = how many positive?
    U₁ = U[:,1:r]
    Σᵣ = Diagonal(s[1:r])        # Diagonal matrix of singular values
    V₁ = V[:,1:r]
    display(U₁);display(Σᵣ);display(V₁) # display the answer
    return(U₁,Σᵣ,V₁)                # return the answer
end
```




    rankrsvd (generic function with 1 method)




```julia
U,S,V = fullsvd(A) #matlab notation
```


    2×2 Array{Float64,2}:
     -0.948683  -0.316228
     -0.316228   0.948683



    2×3 Array{Float64,2}:
     18.9737  0.0      0.0
      0.0     9.48683  0.0



    3×3 Adjoint{Float64,Array{Float64,2}}:
     -0.333333   0.666667  -0.666667
     -0.666667   0.333333   0.666667
     -0.666667  -0.666667  -0.333333





    ([-0.9486832980505135 -0.3162277660168378; -0.3162277660168378 0.9486832980505138], [18.973665961010283 0.0 0.0; 0.0 9.486832980505136 0.0], [-0.3333333333333332 0.6666666666666665 -0.6666666666666666; -0.6666666666666665 0.3333333333333334 0.6666666666666669; -0.6666666666666665 -0.6666666666666671 -0.3333333333333332])




```julia
print_matrix(stdout, U);
```

     -0.9486832980505135  -0.3162277660168378
     -0.3162277660168378   0.9486832980505138


```julia
print_matrix(stdout,S);

```

     18.973665961010283  0.0                0.0
      0.0                9.486832980505136  0.0


```julia
print_matrix(stdout, V);
```

     -0.3333333333333332   0.6666666666666665  -0.6666666666666666
     -0.6666666666666665   0.3333333333333334   0.6666666666666669
     -0.6666666666666665  -0.6666666666666671  -0.3333333333333332

Need to check that $(B-\lambda_i I)v_i=0$


```julia
#check for lambda_1
 360*V[:,1]
```




    3-element Array{Float64,1}:
     -119.99999999999996
     -239.99999999999994
     -239.99999999999994




```julia
alpha=360
```




    360




```julia
(B)*V[:,1]
```




    3-element Array{Float64,1}:
     -119.99999999999997
     -239.99999999999994
     -239.99999999999994




```julia
#check done
```

Pseudo inverse and linear system


```julia
b=[1;2]
```




    2-element Array{Int64,1}:
     1
     2




```julia
rang_A=rank(A)
```




    2




```julia
#Non inversible == square matrix
# 1/A
# inv(A)
#Least square possible using pinv

pinv(A)
```




    3×2 Array{Float64,2}:
     -0.00555556   0.0722222
      0.0222222    0.0444444
      0.0555556   -0.0555556




```julia
xstar=pinv(A)*b
```




    3-element Array{Float64,1}:
      0.13888888888888884
      0.11111111111111109
     -0.0555555555555557 




```julia
#check 1


```


```julia
pseudoA1=V*pinv(S)*U'
```




    3×2 Array{Float64,2}:
     -0.00555556   0.0722222
      0.0222222    0.0444444
      0.0555556   -0.0555556




```julia

xstar1=pseudoA1*b
```




    3-element Array{Float64,1}:
      0.13888888888888884 
      0.11111111111111109 
     -0.055555555555555684




```julia
St=Sn[1:2,1:2]
```




    2×2 Array{Float64,2}:
     18.9737  0.0    
      0.0     9.48683




```julia
pseudoA2=V*[inv(St'*St)*St'; 0 0 ]*U'
```




    3×2 Array{Float64,2}:
     -0.00555556   0.0722222
      0.0222222    0.0444444
      0.0555556   -0.0555556




```julia
 xstar2=pseudoA2*b
```




    3-element Array{Float64,1}:
      0.13888888888888884 
      0.11111111111111109 
     -0.055555555555555684


